111111111111111111111111111111111111111111111111111111111111111111111111111111111111111111111111111111111111111111111111111111111111111111111111111111111111111111111111111111111111111111111111111111111
100000001000000000000000000000000000000010000000000000000000100000000000000010000000000010000000000000000000000010000000000000000000000000001000000000000000000010000000100000001000000010000000000000001
100000001000000000000000000000000000000010000000000000000000100000000000000010000000000010000000000000000000000010000000000000000000000000001000000000000000000010000000100000001000000010000000000000001
100000001000000000000000000000000000000010000000000000000000100000000000000010000000000010000000000000000000000010000000000000000000000000001000000000000000000010000000100000001000000010000000000000001
100010001000111111111000100011111111111110001111100011111000111111111111100010001111100011111000111110001111111110001000111111111111111110001111111111111000100010001111100010001000100010001111111110001
100010000000100000001000100010000000000000000000100010001000000000000000000010000000100000001000100000001000000010001000000010000000000010000000100000000000100010000000000010000000100000000000100000001
100010000000100000001000100010000000000000000000100010001000000000000000000010000000100000001000100000001000000010001000000010000000000010000000100000000000100010000000000010000000100000000000100000001
100010000000100000001000100010000000000000000000100010001000000000000000000010000000100000001000100000001000000010001000000010000000000010000000100000000000100010000000000010000000100000000000100000001
100011111111100010001000100010001111111111111111100010001111111111111000111111111000111110001111100010001000100010001111100010001111111111111000100011111111100011111111111111111111111111111000100010001
100000001000000010001000100010001000100000000000000010000000000000000000100000000000100010000000100010001000100010001000000010000000000000001000000010000000100000000000000000000000000010000000100010001
100000001000000010001000100010001000100000000000000010000000000000000000100000000000100010000000100010001000100010001000000010000000000000001000000010000000100000000000000000000000000010000000100010001
100000001000000010001000100010001000100000000000000010000000000000000000100000000000100010000000100010001000100010001000000010000000000000001000000010000000100000000000000000000000000010000000100010001
111110001000111110001000111110001000100011111111111111111111111111111000100011111111100011111000100011111000100010001000111111111111100010001111111110001111111111111111111111111111100010001111100011111
100000001000000010001000100000000000100000000000100000001000000000001000100000001000000000001000100000000000100000001000100000000000100010000000000000001000000000000000000000000000100010001000100000001
100000001000000010001000100000000000100000000000100000001000000000001000100000001000000000001000100000000000100000001000100000000000100010000000000000001000000000000000000000000000100010001000100000001
100000001000000010001000100000000000100000000000100000001000000000001000100000001000000000001000100000000000100000001000100000000000100010000000000000001000000000000000000000000000100010001000100000001
100011111111111110001000100011111111111111111000100010001000111110001000111110001000100011111000100011111111111111111000100011111000111110001111111111111000111111111000111111111111100010001000111110001
100010000000000010001000000010000000100000001000000010000000100000001000100000001000100010000000100000000000000000001000000010001000000010001000000000000000100000001000000000000000000010000000000010001
100010000000000010001000000010000000100000001000000010000000100000001000100000001000100010000000100000000000000000001000000010001000000010001000000000000000100000001000000000000000000010000000000010001
100010000000000010001000000010000000100000001000000010000000100000001000100000001000100010000000100000000000000000001000000010001000000010001000000000000000100000001000000000000000000010000000000010001
100010001111100010001111111110001000100010001000111111111111100011111000100011111000111110001111111110001111111111111111100010001111100010001000111111111111100010001111111111111111111111111000111110001
100010000000100010000000000010001000000010001000000000001000000010001000100000001000100000001000000010001000000010000000100000000000100010001000000010000000000010000000000000000000000000000000100000001
100010000000100010000000000010001000000010001000000000001000000010001000100000001000100000001000000010001000000010000000100000000000100010001000000010000000000010000000000000000000000000000000100000001
100010000000100010000000000010001000000010001000000000001000000010001000100000001000100000001000000010001000000010000000100000000000100010001000000010000000000010000000000000000000000000000000100000001
100011111000100010001111111110001111111110001000111111111000111110001000111111111000100011111000111110001000100010001000111111111111100010001111100010001111111111111111111111111111100011111111100010001
100000000000100010001000000010000000100000001000100000001000000010000000000000001000000010000000100000001000100000001000000010000000000010000000100010001000000000001000000000000000100000000000100010001
100000000000100010001000000010000000100000001000100000001000000010000000000000001000000010000000100000001000100000001000000010000000000010000000100010001000000000001000000000000000100000000000100010001
100000000000100010001000000010000000100000001000100000001000000010000000000000001000000010000000100000001000100000001000000010000000000010000000100010001000000000001000000000000000100000000000100010001
111111111111100010001000100011111000100011111111100010001111100010001111111111111000111111111000100011111000111111111111100010001111111110001000100010001000111110001000111111111000111111111000100010001
100000000000000010000000100000001000100000000000000010000000000010000000100000001000100000000000100010000000100000001000000010000000100000001000000010001000100000001000100000001000100000001000100010001
100000000000000010000000100000001000100000000000000010000000000010000000100000001000100000000000100010000000100000001000000010000000100000001000000010001000100000001000100000001000100000001000100010001
10000000000000001000000010000000100010000000000000001000000000001000000010000000100010000000000010001000000010000000100000001000000010000000100000001X001000100000001000100000001000100000001000100010001
100011111111111111111111100010001000111111111111111111111000111111111000100010001000100010001111100010001111100010001000111110001000100011111111111111111000100011111000100011111000100010001000100011111
100000000000000000000000100010001000000000000000000010000000100000001000100010000000100010001000000010000000100010000000100000001000100010000000000000000000100010000000100000000000000010001000100000001
100000000000000000000000100010001000000000000000000010000000100000001000100010000000100010001000000010000000100010000000100000001000100010000000000000000000100010000000100000000000000010001000100000001
100000000000000000000000100010001000000000000000000010000000100000001000100010000000100010001000000010000000100010000000100000001000100010000000000000000000100010000000100000000000000010001000100000001
111111111111111111111000111110001111111111111111100011111111100010001000100011111111100010001000111111111000111111111000111111111000100010001111111111111111100011111000111111111111111110001000111110001
10000000100000000000100000001000000010000000000010000000000000001000100010001000000X100010000000100000001000100000001000100000000000100000001000100000001000000010000000100000000000100010001000100000001
100000001000000000001000000010000000100000000000100000000000000010001000100010000000100010000000100000001000100000001000100000000000100000001000100000001000000010000000100000000000100010001000100000001
100000001000000000001000000010000000100000000000100000000000000010001000100010000000100010000000100000001000100000001000100000000000100000001000100000001000000010000000100000000000100010001000100000001
100010001000111111111111100010001000100010001111111111111111100010001111100010001111100011111111100010001000100010001000100011111111111111111000100010001000111110001000100011111000100010001000100010001
100010000000100000000000100010001000000010001000000010000000100010000000100010000000000000001000000010001000000010001000000010000000000000000000100010000000100000001000100010000000100000001000100010001
100010000000100000000000100010001000000010001000000010000000100010000000100010000000000000001000000010001000000010001000000010000000000000000000100010000000100000001000100010000000100000001000100010001
100010000000100000000000100010001000000010001000000010000000100010000000100010000000000000001000000010001000000010001000000010000000000000000000100010000000100000001000100010000000100000001000100010001
100011111111100010001111100010001111111110001000100010001000111111111000100011111111111111111000111110001111111110001111100011111111111111111000100011111111100010001111100010001111111110001111100010001
100000000000000010000000000010001000000010001000100000001000000000000000100000000000000010000000100000001000000010001000000010000000000010000000100000001000000010001000000010001000000010000000000010001
100000000000000010000000000010001000000010001000100000001000000000000000100000000000000010000000100000001000000010001000000010000000000010000000100000001000000010001000000010001000000010000000000010001
100000000000000010000000000010001000000010001000100000001000000000000000100000000000000010000000100000001000000010001000000010000000000010000000100000001000000010001000000010001000000010000000000010001
100011111111111111111111111110001000111110001000111111111111111111111000111111111111100010001111100011111000100010001111111110001111100010001111111110001111100010001000111110001000100011111111111110001
100010000000000010000000000000001000100000001000100000001000000010000000000000001000100000001000100000000000100010000000100000001000000010001000000010000000100010000000100000001000100010000000000000001
100010000000000010000000000000001000100000001000100000001000000010000000000000001000100000001000100000000000100010000000100000001000000010001000000010000000100010000000100000001000100010000000000000001
100010000000000010000000000000001000100000001000100000001000000010000000000000001000100000001000100000000000100010000000100000001000000010001000000010000000100010000000100000001000100010000000000000001
100011111111100010001111111110001000100011111000100010001000100011111111111110001000111111111000111111111111100010001000100011111000111110001000100011111000100011111111100011111000100011111111111111111
10000000000010000000100000001000100000001000100000001000000010001000000000001000000000001X000000000000000000100010001000000000001000100000000000100000001000100010000000100000000000100000000000000000001
100000000000100000001000000010001000000010001000000010000000100010000000000010000000000010000000000000000000100010001000000000001000100000000000100000001000100010000000100000000000100000000000000000001
100000000000100000001000000010001000000010001000000010000000100010000000000010000000000010000000000000000000100010001000000000001000100000000000100000001000100010000000100000000000100000000000000000001
111111111000100011111000100010001000111110001111111111111111100010001111100011111111100011111111111111111000100011111111111111111000111111111111111110001000100010001000111110001111111111111111111110001
100000000000100010000000100000001000100000000000000000001000000010000000100010000000100000000000100000000000100000000000100000000000100000000000000010000000100010001000000010000000100000000000000010001
100000000000100010000000100000001000100000000000000000001000000010000000100010000000100000000000100000000000100000000000100000000000100000000000000010000000100010001000000010000000100000000000000010001
100000000000100010000000100000001000100000000000000000001000000010000000100010000000100000000000100000000000100000000000100000000000100000000000000010000000100010001000000010000000100000000000000010001
100011111111111110001111111111111000111111111111100011111000111111111000100011111000111111111000100011111111111111111000100011111111100011111111100010001111111110001111100011111000100011111111100010001
100000000000000000001000000000001000100000001000000010000000100000001000100000001000000010000000100000001000000010000000100000001000000000000000100010000000000000001000100010000000100000001000100000001
100000000000000000001000000000001000100000001000000010000000100000001000100000001000000010000000100000001000000010000000100000001000000000000000100010000000000000001000100010000000100000001000100000001
100000000000000000001000000000001000100000001000000010000000100000001000100000001000000010000000100000001000000010000000100000001000000000000000100010000000000000001000100010000000100000001000100000001
111111111111111111111000100011111000100010001000111110001111100010001000111110001111100010001111111110001000100010001111100010001000111111111111100011111111111111111000100011111111111110001000111110001
100000001000000000000000100010000000100010001000000010000000000010001000000010000000100010000000000000001000100000001000100010000000100010000000000010000000000010000000000000000000000000001000000010001
100000001000000000000000100010000000100010001000000010000000000010001000000010000000100010000000000000001000100000001000100010000000100010000000000010000000000010000000000000000000000000001000000010001
100000001000000000000000100010000000100010001000000010000000000010001000000010000000100010000000000000001000100000001000100010000000100010000000000010000000000010000000000000000000000000001000000010001
100011111000111110001111111110001111100010001111100011111111111110001111100011111000100010001111111110001000111111111000100011111111100010001111111110001111100011111111111111111111111111111111100010001
100010000000100010000000000000001000000010000000000010000000000010001000000010001000100000001000000010001000000000001000100000000000100010000000000000000000100000000000100000001000000000000000100000001
100010000000100010000000000000001000000010000000000010000000000010001000000010001000100000001000000010001000000000001000100000000000100010000000000000000000100000000000100000001000000000000000100000001
100010000000100010000000000000001000000010000000000010000000000010001000000010001000100000001000000010001000000000001000100000000000100010000000000000000000100000000000100000001000000000000000100000001
100010001111100011111111111111111000111111111111111110001111100010001000111110001000111111111000100011111111111110001000111111111000100011111111111111111000111111111000100010001000111111111000111111111
100000001000000010000000000000001000000010000000000000000000100010001000100000001000000000000000100000000000100010001000000010000000100010000000000010001000100000001000000010001000100000001000000000001
100000001000000010000000000000001000000010000000000000000000100010001000100000001000000000000000100000000000100010001000000010000000100010000000000010001000100000001000000010001000100000001000000000001
100000001000000010000000000000001000000010000000000000000000100010001000100000001000000000000000100000000000100010001000000010000000100010000000000010001000100000001000000010001000100000001000000000001
100011111000100010001111100011111000100010001111111111111111100010001000100010001111111111111111111110001000100010001111100010001111100010001111100010001000100011111111111110001000100010001111111110001
100010000000100010001000100000000000100000001000000000001000000010000000100010001000000010000000000000001000000010000000100010001000000010000000100010000000100000000000000010001000000010000000100000001
100010000000100010001000100000000000100000001000000000001000000010000000100010001000000010000000000000001000000010000000100010001000000010000000100010000000100000000000000010001000000010000000100000001
100010000000100010001000100000000000100000001000000000001000000010000000100010001000000010000000000000001000000010000000100010001000000010000000100010000000100000000000000010001000000010000000100000001
100010001111111110001000111111111111111111111000111110001000111111111111100011111000100010001111111111111111100011111000100010001111100011111000100010001111111110001111100010001000111111111111100010001
100010000000000010000000000000001000000000001000000010001000000000000000000010000000100010000000000010000000100010000000100000001000000000001000100010000000000000001000000010000000100000001000000010001
100010000000000010000000000000001000000000001000000010001000000000000000000010000000100010000000000010000000100010000000100000001000000000001000100010000000000000001000000010000000100000001000000010001
100010000000000010000000000000001000000000001000000010001000000000000000000010000000100010000000000010000000100010000000100000001000000000001000100010000000000000001000000010000000100000001000000010001
100011111111100011111111111110001111100010001000100010001111111110001111111110001111100011111111100010001111100010001111100011111000111111111000100011111000111111111000111111111111100010001000111110001
100000000000100000000000100000001000000010001000100010000000100000001000000000001000000000001000000010000000100010001000000010000000100000001000100000001000100000001000000000000000100010001000100000001
100000000000100000000000100000001000000010001000100010000000100000001000000000001000000000001000000010000000100010001000000010000000100000001000100000001000100000001000000000000000100010001000100000001
100000000000100000000000100000001000000010001000100010000000100000001000000000001000000000001000000010000000100010001000000010000000100000001000100000001000100000001000000000000000100010001000100000001
111111111000100011111000100011111000111110001111100010001111100010001000111111111000111110001000111110001000100010001000111110001000100010001000111110001000100010001111111110001111100010001000100011111
100010000000100000001000100010000000100000000000000010001000000010001000000010000000100000001000000010001000000010001000100000001000100010000000100010001000100010000000100000001000000010001000100000001
100010000000100000001000100010000000100000000000000010001000000010001000000010000000100000001000000010001000000010001000100000001000100010000000100010001000100010000000100000001000000010001000100000001
100010000000100000001000100010000000100000000000000010001000000010001000000010000000100000001000000010001000000010001000100000001000100010000000100010001000100010000000100000001000000010001000100000001
100010001111111110001000100011111000111111111000111111111000111111111000111110001111100011111111100011111111111110001000100010001111100011111111100010001111100011111000100011111000111110001000111110001
100010001000000000001000100000001000100000001000100000000000100000000000100000001000000000000000100000001000000000001000100010001000000010001000000010000000100010000000100000001000100010001000000010001
100010001000000000001000100000001000100000001000100000000000100000000000100000001000000000000000100000001000000000001000100010001000000010001000000010000000100010000000100000001000100010001000000010001
100010001000000000001000100000001000100000001000100000000000100000000000100000001000000000000000100000001000000000001000100010001000000010001000000010000000100010000000100000001000100010001000000010001
100010001000111111111000111110001000100010001111100011111111100011111111100011111111111111111111111110001000111111111000100010001000111110001000100011111000100011111000111111111000100010001111100010001
100000001000100000001000000010000000100010000000100000001000000010000000100000000000000000000000000010000000100000001000000010001000100000000000100000001000100000001000000000000000100000001000000010001
100000001000100000001000000010000000100010000000100000001000000010000000100000000000000000000000000010000000100000001000000010001000100000000000100000001000100000001000000000000000100000001000000010001
100000001000100000001000000010000000100010000000100000001000000010000000100000000000000000000000000010000000100000001000000010001000100000000000100000001000100000001000000000000000100000001000000010001
100011111000100010001111100011111000100011111000111110001000111110001000111111111111111111111000100011111111100011111111100011111000111111111111100010001000100010001111111111111111100011111000111110001
100000001000000010000000100000000000100000001000000000001000000000001000000000000000100000000000100000000000000010000000000010000000100000000000100010001000100010001000000000000000100010000000100000001
100000001000000010000000100000000000100000001000000000001000000000001000000000000000100000000000100000000000000010000000000010000000100000000000100010001000100010001000000000000000100010000000100000001
100000001000000010000000100000000000100000001000000000001000000000001000000000000000100000000000100000000000000010000000000010000000100000000000100010001000100010001000000000000000100010000000100000001
111110001111111111111000111111111111111110001111111111111111111111111111111111111000100011111111111111111000111110001111111110001111100011111000100011111000100010001111100011111000100010001000100011111
100010000000100000000000100000001000000010000000000000000000100000000000000000000000100000000000100000001000100000001000000000001000000010001000100010000000100010000000100010001000000010001000100000001
100010000000100000000000100000001000000010000000000000000000100000000000000000000000100000000000100000001000100000001000000000001000000010001000100010000000100010000000100010001000000010001000100000001
100010000000100000000000100000001000000010000000000000000000100000000000000000000000100000000000100000001000100000001000000000001000000010001000100010000000100010000000100010001000000010001000100000001
100011111000100011111111111110001000100011111111111110001000100011111111111111111111111111111000100010001111100011111000111111111000111110001000100010001111111111111000100010001111111110001000111111111
100000001000100000000000000010001000100000001000100000001000100010000000000010000000000000001000100010000000100010001000000000000000000000001000100010000000000000000000100000000000000010001000000000001
100000001000100000000000000010001000100000001000100000001000100010000000000010000000000000001000100010000000100010001000000000000000000000001000100010000000000000000000100000000000000010001000000000001
100000001000100000000000000010001000100000001000100000001000100010000000000010000000000000001000100010000000100010001000000000000000000000001000100010000000000000000000100000000000000010001000000000001
100011111000111111111111100010001000100010001000100011111111100011111111100010001111111110001000100011111000100010001111111111111111111111111000100011111111111111111111111111111111100011111111111110001
100000001000100000000000100010000000100010001000100000000000100000000000100010001000000000000000100010000000100000000000000010000000000000000000100010000000000010000000000000000000100000000000000000001
100000001000100000000000100010000000100010001000100000000000100000000000100010001000000000000000100010000000100000000000000010000000000000000000100010000000000010000000000000000000100000000000000000001
100000001000100000000000100010000000100010001000100000000000100000000000100010001000000000000000100010000000100000000000000010000000000000000000100010000000000010000000000000000000100000000000000000001
100010001000111110001111100011111111100010001000111111111000111111111000100010001000111111111111100010001111111110001111111110001111111111111111100010001000100010001000111111111111111111111111111110001
100010001000000010000000000000000000100010001000000000001000100000001000000010001000000010000000000010000000000010001000000010000000100000001000000000001000100000001000100000001000000000001000000010001
100010001000000010000000000000000000100010001000000000001000100000001000000010001000000010000000000010000000000010001000000010000000100000001000000000001000100000001000100000001000000000001000000010001
100010001000000010000000000000000000100010001000000000001000100000001000000010001000000010000000000010000000000010001000000010000000100000001000000000001000100000001000100000001000000000001000000010001
111110001111100011111111111111111000100010001111111110001000100010001111100010001111111110001111111111111111100010001000100011111000100010001000111111111000111111111111100010001000100011111000100010001
100000000000100000001000000010000000000010000000000000001000000010000000000010000000000010001000000000001000000010001000100000001000100010001000100010000000100000001000000010000000100000000000100010001
100000000000100000001000000010000000000010000000000000001000000010000000000010000000000010001000000000001000000010001000100000001000100010001000100010000000100000001000000010000000100000000000100010001
100000000000100000001000000010000000000010000000000000001000000010000000000010000000000010001000000000001000000010001000100000001000100010001000100010000000100000001000000010000000100000000000100010001
100011111111111110001000100011111111111111111111111110001111111111111111111111111111100010001111100010001000111110001000111110001000100010001000100010001111100010001000111111111111111111111111100010001
10000000000000001000000010000000000000000000100000000000100000000000000000001000000X100000000000000010001000100000001000100010000000100010000000100010000000000010000000100000000000100000000000100000001
100000000000000010000000100000000000000000001000000000001000000000000000000010000000100000000000000010001000100000001000100010000000100010000000100010000000000010000000100000000000100000000000100000001
100000000000000010000000100000000000000000001000000000001000000000000000000010000000100000000000000010001000100000001000100010000000100010000000100010000000000010000000100000000000100000000000100000001
100011111000111111111111111111111111111110001111100011111111111110001111100010001111111111111111111110001000100011111000100011111111100011111111100011111111111111111111111110001000100011111000111111111
100010000000100000000000000010000000000010000000100010000000100000001000100010000000100000000000000010001000000010000000100000000000100010000000000000000000000010000000000000001000000010000000000000001
100010000000100000000000000010000000000010000000100010000000100000001000100010000000100000000000000010001000000010000000100000000000100010000000000000000000000010000000000000001000000010000000000000001
100010000000100000000000000010000000000010000000100010000000100000001000100010000000100000000000000010001000000010000000100000000000100010000000000000000000000010000000000000001000000010000000000000001
111110001000100011111000100011111111100011111000100010001000100011111000100011111000100011111111100010001111111110001111100010001111100010001111111110001111111110001111100011111111111111111111111110001
100000001000100010001000100000000000000000001000100000001000100010000000000000000000100010000000000010000000000010001000100010000000000010000000000010001000000000001000100000001000000010000000100000001
100000001000100010001000100000000000000000001000100000001000100010000000000000000000100010000000000010000000000010001000100010000000000010000000000010001000000000001000100000001000000010000000100000001
100000001000100010001000100000000000000000001000100000001000100010000000000000000000100010000000000010000000000010001000100010000000000010000000000010001000000000001000100000001000000010000000100000001
100011111000100010001000111111111111111111111000111111111000100010001111111111111000100011111000111111111111100010001000100011111111111111111000111110001000111111111000111110001000100010001000100011111
100010000000100000001000000000000000000000000000100000001000100010001000000000001000100000001000100000001000000010001000000000000000100000000000100000001000000000000000100010000000100000001000100000001
100010000000100000001000000000000000000000000000100000001000100010001000000000001000100000001000100000001000000010001000000000000000100000000000100000001000000000000000100010000000100000001000100000001
100010000000100000001000000000000000000000000000100000001000100010001000000000001000100000001000100000001000000010001000000000000000100000000000100000001000000000000000100010000000100000001000100000001
100010001111111110001111111111111111111111111111100011111000100011111000111110001111111110001000100010001111111110001111111111111000111110001111100010001111111111111000100011111111111110001000111110001
100010001000000000001000000000000000000000001000000000000000100000001000100010000000100000001000000010000000000010000000100000001000000010001000100010000000000010000000000000001000000010001000100000001
100010001000000000001000000000000000000000001000000000000000100000001000100010000000100000001000000010000000000010000000100000001000000010001000100010000000000010000000000000001000000010001000100000001
100010001000000000001000000000000000000000001000000000000000100000001000100010000000100000001000000010000000000010000000100000001000000010001000100010000000000010000000000000001000000010001000100000001
100011111000111111111111111110001111111110001111100011111111111110001000100011111000100011111111111111111111100011111000111110001111100010001000100011111111100010001111111111111000100011111000100011111
100000000000100000000000000000001000000010000000100000000000000010001000100000001000000010000000000000001000100000000000100000000000100010000000100000001000000010001000000000000000100000001000100010001
100000000000100000000000000000001000000010000000100000000000000010001000100000001000000010000000000000001000100000000000100000000000100010000000100000001000000010001000000000000000100000001000100010001
100000000000100000000000000000001000000010000000100000000000000010001000100000001000000010000000000000001000100000000000100000000000100010000000100000001000000010001000000000000000100000001000100010001
100011111111100010001111111111111000100011111000111111111111100010001000100010001111111110001111111110001000111111111111100011111000100011111000111110001111111110001000111111111111111110001000100010001
100010000000100010000000000000000000100000001000000000001000000010001000100010000000100000000000100000001000000000000000000010001000100000001000000010001000000010001000000010000000000010000000100000001
100010000000100010000000000000000000100000001000000000001000000010001000100010000000100000000000100000001000000000000000000010001000100000001000000010001000000010001000000010000000000010000000100000001
100010000000100010000000000000000000100000001000000000001000000010001000100010000000100000000000100000001000000000000000000010001000100000001000000010001000000010001000000010000000000010000000100000001
100010001000100011111111100011111111111110001111111110001111100010001000111110001000100011111000100011111111111110001111111110001000111110001111100010001000100010001111100010001000100011111111111110001
100010001000000010000000100000000000000010000000100010000000100000001000000010001000100010000000100000000000000000001000000010000000100010001000000010000000100000000000100010001000100010000000000000001
100010001000000010000000100000000000000010000000100010000000100000001000000010001000100010000000100000000000000000001000000010000000100010001000000010000000100000000000100010001000100010000000000000001
100010001000000010000000100000000000000010000000100010000000100000001000000010001000100010000000100000000000000000001000000010000000100010001X00000010000000100000000000100010001000100010000000000000001
100011111111100010001000111111111111100011111000100011111000111110001111100010001111100010001111111111111111111111111000100010001111100010001111111111111111111111111111100010001000100010001111111111111
100000000000100010001000000000000000100000001000100000001000000010001000000010001000000010000000000000001000000010000000100000001000000010000000000000001000000000000000000010001000100010001000000000001
100000000000100010001000000000000000100000001000100000001000000010001000000010001000000010000000000000001000000010000000100000001000000010000000000000001000000000000000000010001000100010001000000000001
100000000000100010001000000000000000100000001000100000001000000010001000000010001000000010000000000000001000000010000000100000001000000010000000000000001000000000000000000010001000100010001000000000001
111111111000111110001111111111111000111111111000111110001111100011111000111110001000111111111111111110001000100011111111111110001111100011111111111110001000111111111111111110001000111110001000111110001
100000001000000010000000100010000000100000001000000010000000000010000000100000000000000000001000000010000000100000001000000010000000000000000000000010000000100010000000000010001000000010001000100000001
100000001000000010000000100010000000100000001000000010000000000010000000100000000000000000001000000010000000100000001000000010000000000000000000000010000000100010000000000010001000000010001000100000001
100000001000000010000000100010000000100000001000000010000000000010000000100000000000000000001000000010000000100000001000000010000000000000000000000X10000000100010000000000010001000000010001000100000001
100011111111100011111000100010001111100010001111100010001111111110001111100011111111111110001000111111111111111110001000100011111111111111111111111111111111100010001000111110001111100010001111100010001
100000000000100000000000100000001000000010000000000010000000000010001000000010000000000010001000000000000000000010000000100000000000000010000000000000000000000010001000000000001000000010000000000010001
100000000000100000000000100000001000000010000000000010000000000010001000000010000000000010001000000000000000000010000000100000000000000010000000000000000000000010001000000000001000000010000000000010001
100000000000100000000000100000001000000010000000000010000000000010001000000010000000000010001000000000000000000010000000100000000000000010000000000000000000000010001000000000001000000010000000000010001
100011111000111111111111100011111000111111111111111111111111100010001111111110001111100010001000100011111111100011111111111111111111100010001111111111111000111110001111111111111000111111111111111110001
100010001000000000000000100000000000100000000000000000001000000010000000000000001000000010001000100000001000000010000000000000001000100000001000000000000000100000001000000000001000100000000000100010001
100010001000000000000000100000000000100000000000000000001000000010000000000000001000000010001000100000001000000010000000000000001000100000001000000000000000100000001000000000001000100000000000100010001
100010001000000000000000100000000000100000000000000000001000000010000000000000001000000010001000100000001000000010000000000000001000100000001000000000000000100000001000000000001000100000000000100010001
100010001000111111111111111111111111100011111111111110001000111111111111100011111000111110001000111110001000111111111000111110001000111111111000111111111111100011111111100010001000100010001000100010001
100000001000100000000000000000000000100010001000000000001000000000000000100010001000000010001000100000001000000000000000100000001000000000001000000000000000000010000000000010001000000010001000000010001
100000001000100000000000000000000000100010001000000000001000000000000000100010001000000010001000100000001000000000000000100000001000000000001000000000000000000010000000000010001000000010001000000010001
100000001000100000000000000000000000100010001000000000001000000000000000100010001000000010001000100000001000000000000000100000001000000000001000000000000000000010000000000010001000000010001000000010001
111110001000100011111111111111111000100010001000111111111111111111111000100010001111100010001111100011111111111111111111100011111000111110001111111111111111111110001000111111111111111110001111111110001
100000001000100010001000000010000000100000001000000000000000000000001000100000001000100010000000000010000000100000000000100010000000100000000000000010000000000000001000000000000000000010000000000010001
100000001000100010001000000010000000100000001000000000000000000000001000100000001000100010000000000010000000100000000000100010000000100000000000000010000000000000001000000000000000000010000000000010001
100000001000100010001000000010000000100000001000000000000000000000001000100000001000100010000000000010000000100000000000100010000000100000000000000010000000000000001000000000000000000010000000000010001
100011111000100010001000100010001111111110001111111111111000111111111000111110001000100011111111111110001111100011111000100010001111100011111111100010001111111111111111111111111000100011111111100010001
100010001000000010001000100000001000000010000000100000001000000000001000100010000000100010000000000010001000000000001000100010001000000010000000100010000000100000000000100000000000100000001000000010001
100010001000000010001000100000001000000010000000100000001000000000001000100010000000100010000000000010001000000000001000100010001000000010000000100010000000100000000000100000000000100000001000000010001
100010001000000010001000100000001000000010000000100000001000000000001000100010000000100010000000000010001000000000001000100010001000000010000000100010000000100000000000100000000000100000001000000010001
100010001111111110001000111111111000100011111000100010001111111110001000100011111000100010001111100010001000111111111000100011111000111110001111100010001111100011111000100011111111100011111000100010001
100000000000100000001000100000000000100000001000000010000000000010000000100000000000100010000000100000001000100010000000100000001000000010000000100010001000000010001000000010000000100010000000100010001
100000000000100000001000100000000000100000001000000010000000000010000000100000000000100010000000100000001000100010000000100000001000000010000000100010001000000010001000000010000000100010000000100010001
10000000000010000000100010000000000010000000100000001000000000001000000010000000000010001000000010000000100010001000000010000000100000001000000010001X001000000010001000000010000000100010000000100010001
111111111000100010001000100011111111111110001111111111111111100011111111111111111111100010001000111110001000100010001111111110001111100011111000100011111000111110001111100010001000111110001111100010001
100000000000100010001000000010000000000010000000000010000000000010000000000010000000000010001000000010001000000010000000000000001000000010000000100000001000000010000000000010001000000000001000000010001
100000000000100010001000000010000000000010000000000010000000000010000000000010000000000010001000000010001000000010000000000000001000000010000000100000001000000010000000000010001000000000001000000010001
100000000000100010001000000010000000000010000000000010000000000010000000000010000000000010001000000010001000000010000000000000001000000010000000100000001000000010000000000010001000000000001000000010001
100011111111100011111111111111111000100010001111100010001111111110001111100010001111111111111000100011111111100011111111111111111000111110001111111110001111100010001111111110001000111111111111111110001
100010000000100000000000100000000000100010000000100010001000000000001000000010000000000000001000100000000000000010000000100000000000100010000000000010001000000010001000000010001000100000001000000010001
100010000000100000000000100000000000100010000000100010001000000000001000000010000000000000001000100000000000000010000000100000000000100010000000000010001000000010001000000010001000100000001000000010001
100010000000100000000000100000000000100010000000100010001000000000001000000010000000000000001000100000000000000010000000100000000000100010000000000010001000000010001000000010001000100000001000000010001
100010001000111110001000100011111111100011111000111110001111100011111000111111111111111110001000111111111111111110001000100011111111100010001000111110001000111110001000100010001111100010001000100010001
100000001000000000001000000010000000000000001000000000000000000010000000000000000000000000001000000000000000000000001000000010000000000000001000000000000000100000000000100010000000000010000000100000001
100000001000000000001000000010000000000000001000000000000000000010000000000000000000000000001000000000000000000000001000000010000000000000001000000000000000100000000000100010000000000010000000100000001
10000000100000000000100000001X000000000000001000000000000000000010000000000000000000000000001000000000000000000000001000000010000000000000001000000000000000100000000000100010000000000010000000100000001
111111111111111111111111111111111111111111111111111111111111111111111111111111111111111111111111111111111111111111111111111111111111111111111111111111111111111111111111111111111111111111111111111111111